# Z  symbol            a[0..4]                                  b[0..4]
  1   H  +5.29177211000000022e-02 +5.29177211000000022e-02 +5.29177211000000022e-02 +5.29177211000000022e-02 +5.29177211000000022e-02  +2.76377072000000013e+00 +2.76377072000000013e+00 +2.76377072000000013e+00 +2.76377072000000013e+00 +2.76377072000000013e+00
  2  He  -6.59820794999999949e-04 +7.11721030999999996e-04 +8.65291279000000024e-02 +1.08523125999999998e-01 +1.38958464000000000e-02  +2.33282482999999985e+01 +1.57113885000000000e+01 +1.53648213999999994e+00 +1.04913275000000006e+00 +4.38422721000000015e-01
  3  Li  -1.80735299999999999e+00 +5.17020541000000033e+00 -1.80536801000000002e+00 +7.63865142000000052e-02 +9.17909046000000076e-03  +1.19616992999999994e+01 +9.96739905999999998e+00 +6.43138244000000014e+00 +4.87025672000000021e-01 +2.11223664000000005e-01
  4  Be  -1.65001142999999995e+00 +3.47847484000000007e+00 -3.49745036999999981e-01 +4.32722380999999989e-02 +4.95938295999999966e-03  +6.31848295999999987e+00 +5.71798372000000033e+00 +1.98398153000000010e+00 +2.54238310999999995e-01 +1.18587149000000003e-01
  5   B  +5.43463797000000026e-01 +9.94337541000000047e-01 -1.72021683000000009e-01 +2.78795372999999999e-02 +3.84080701999999982e-03  +4.75872515000000007e+00 +3.09411063999999980e+00 +9.66694586000000022e-01 +1.61519461000000003e-01 +7.92811414000000048e-02
  6   C  +6.82973688999999995e-01 +6.63243103999999972e-01 -1.14353802000000004e-01 +1.93197758999999990e-02 +3.16723196000000002e-03  +3.49198159999999991e+00 +1.90977937000000009e+00 +5.82859443000000033e-01 +1.12090635999999993e-01 +5.71985527000000021e-02
  7   N  +5.79020257000000038e-01 +5.88961460000000048e-01 -7.68316061999999994e-02 +1.42971178000000001e-02 +3.05277146000000003e-03  +2.64860997999999981e+00 +1.39946207000000000e+00 +3.73209222000000007e-01 +8.53012075999999980e-02 +4.42808646999999986e-02
  8   O  +5.26112570000000002e-01 +5.10902890999999970e-01 -5.69017938000000029e-02 +1.10930066000000001e-02 +2.99332595999999987e-03  +2.07926535000000001e+00 +1.04812952000000004e+00 +2.57722469999999981e-01 +6.85297926000000002e-02 +3.54986202999999986e-02
  9   F  +4.78864504000000024e-01 +4.55269509000000017e-01 -4.41706283000000005e-02 +9.09156325000000029e-03 +2.94505209000000016e-03  +1.68988975000000008e+00 +8.16382591999999963e-01 +1.85763014000000004e-01 +5.77334456000000024e-02 +2.91938111000000014e-02
 10  Ne  +4.36041145000000019e-01 +4.13859945000000007e-01 -3.64779282000000024e-02 +9.38547607999999992e-03 +3.14136199000000001e-03  +1.40922735000000010e+00 +6.58047075000000037e-01 +1.31870477000000014e-01 +5.54847251000000000e-02 +2.48384980000000005e-02
 11  Na  +4.46100744000000038e+00 -2.61931129000000018e+00 +5.95803371000000026e-01 -5.60987287999999973e-02 +4.54920313000000028e-03  +9.70725902999999946e+00 +7.19766615999999981e+00 +5.67427330999999979e-01 +1.93572924000000007e-01 +2.30646574000000007e-02
 12  Mg  +5.05696590999999973e+00 -2.86053612999999984e+00 +5.14668848000000012e-01 -1.14262449000000002e-01 +3.91382831999999986e-03  +5.89792367999999989e+00 +4.24125321000000000e+00 +3.74470615000000007e-01 +1.87381596000000011e-01 +1.94475124999999999e-02
 13  Al  +2.90478609999999993e+00 -3.03220590000000012e-01 +5.34179109999999957e-01 -1.96121274000000012e-01 +3.42665547000000010e-03  +6.50857732999999961e+00 +1.33370294999999994e+00 +2.71298382999999976e-01 +1.70656803999999995e-01 +1.66469082999999990e-02
 14  Si  +2.92135844000000011e+00 -3.21428023999999979e-01 +8.47402262999999989e-01 -5.44994742999999948e-01 +3.01206152000000000e-03  +4.94598070999999972e+00 +8.87099077000000014e-01 +1.99281043999999991e-01 +1.62707645000000012e-01 +1.43976951999999995e-02
 15   P  +2.83742615000000020e+00 -3.79627814999999980e-01 +6.55342280000000055e-01 -3.68531906000000020e-01 +2.69129452999999994e-03  +3.70739251999999997e+00 +6.76739587000000031e-01 +1.72902275999999994e-01 +1.32938842000000002e-01 +1.26004376000000001e-02
 16   S  +2.70781875999999988e+00 -4.16631546000000019e-01 +5.14618467999999996e-01 -2.23429093999999995e-01 +2.42340775999999982e-03  +2.90665159000000006e+00 +5.05807620999999985e-01 +1.57400704000000002e-01 +1.08278353999999993e-01 +1.11244267000000004e-02
 17  Cl  +2.56602135000000020e+00 -4.78547100999999975e-01 +4.65397618999999985e-01 -1.23571041000000006e-01 +2.19917008999999993e-03  +2.35323210999999999e+00 +3.69584354999999976e-01 +1.53442387000000013e-01 +8.68195261000000024e-02 +9.89928596000000036e-03
 18  Ar  +2.42598080000000005e+00 -7.02617794999999989e-01 +6.44443938999999966e-01 -7.89160213999999943e-02 +2.00908115000000007e-03  +1.95299006000000008e+00 +2.60303086999999989e-01 +1.58435801999999987e-01 +7.08550379000000008e-02 +8.87040514000000078e-03
 19   K  +2.48591299000000010e+00 +1.91478656000000003e+00 +4.52325746999999989e+00 -4.45414624999999997e+00 +2.18923019000000002e-03  +2.45097684999999998e+01 +2.10573128000000009e+00 +5.54554355999999984e-02 +5.49759177000000016e-02 +8.33880017999999966e-03
 20  Ca  +3.43813272999999997e+00 +1.45386426000000002e+00 +2.23157697999999982e+00 -2.17241710000000010e+00 +2.09312659000000009e-03  +1.45845125000000007e+01 +1.65811163000000006e+00 +4.76416592999999999e-02 +4.69068315000000027e-02 +7.61944907000000008e-03
 21  Sc  +3.17148329999999978e+00 +1.41694469999999995e+00 +1.01996329999999991e+00 -9.70537050000000012e-01 +2.09574314000000005e-03  +1.24885596000000003e+01 +1.46054700000000004e+00 +4.04678013000000017e-02 +3.92695714000000015e-02 +7.06237407000000032e-03
 22  Ti  +2.91270001999999995e+00 +1.41131259000000009e+00 +4.43585321000000032e+00 -4.39397586000000029e+00 +2.11003712999999985e-03  +1.12204049999999995e+01 +1.31592946999999993e+00 +3.41160735000000034e-02 +3.39122295000000018e-02 +6.57803918000000008e-03
 23   V  +2.72520061999999985e+00 +1.36049731999999990e+00 +4.31801413000000023e-01 -3.96268069000000001e-01 +2.16872086999999984e-03  +9.92256212999999931e+00 +1.16527280000000011e+00 +3.00325162999999992e-02 +2.83666722999999996e-02 +6.17144537999999958e-03
 24  Cr  +1.89013406000000006e+00 +1.55872136999999999e+00 +1.32572584000000004e+00 -1.29538389000000009e+00 +2.30262979999999989e-03  +1.03854346999999994e+01 +1.14007254999999996e+00 +2.53320684999999990e-02 +2.49211462000000009e-02 +5.84674720000000030e-03
 25  Mn  +2.38945431000000008e+00 +1.31829321999999993e+00 +3.36446860000000014e-01 -3.10922081000000017e-01 +2.52769649000000006e-03  +8.67955463000000016e+00 +9.50691693999999976e-01 +2.22590099999999992e-02 +2.09572943999999997e-02 +5.58854940000000008e-03
 26  Fe  +2.28163215000000008e+00 +1.27410449999999997e+00 +1.65150423999999990e-01 -1.43911904000000007e-01 +2.92483266999999996e-03  +8.06937843000000044e+00 +8.54512935000000029e-01 +1.96200934000000000e-02 +1.74591358999999988e-02 +5.40943459999999963e-03
 27  Co  +2.14641598000000000e+00 +1.25706275999999995e+00 +1.52626399999999995e-01 -1.34839456999999996e-01 +3.58431749999999980e-03  +7.62595873999999974e+00 +7.87414163000000000e-01 +1.70195071000000010e-02 +1.50874197999999998e-02 +5.29905171999999966e-03
 28  Ni  +2.03428489999999984e+00 +1.22444839999999999e+00 +1.85654925999999998e-01 -1.75699855999999988e-01 +8.26163132000000064e-03  +7.18425895000000025e+00 +7.16999791999999969e-01 +1.34645496000000003e-02 +1.20973846000000003e-02 +5.79748748000000029e-03
 29  Cu  +1.46853085000000005e+00 +1.30359264999999991e+00 +6.36337644999999952e-02 -5.62637157000000013e-02 +8.85645690999999936e-03  +7.13383237000000037e+00 +6.88588014999999998e-01 +1.34022094000000001e-02 +9.90149847999999971e-03 +5.49527489000000043e-03
 30  Zn  +2.14106116999999996e+00 +2.50216436000000009e+00 -3.31921185999999979e+00 +1.70885222999999997e+00 +3.84102461999999987e-04  +5.28040232000000032e+00 +2.56494861000000018e-01 +1.50383661000000002e-01 +1.16690541999999994e-01 +2.77006993000000019e-03
 31  Ga  +2.73513428999999997e+00 +2.45567036000000005e+00 -3.87172283999999989e+00 +2.23071849000000011e+00 +3.49687591000000025e-04  +5.92008800999999973e+00 +2.24073451000000007e-01 +1.33471119999999999e-01 +1.09247568000000003e-01 +2.57960609999999995e-03
 32  Ge  +2.99837577000000000e+00 +3.20542089000000008e+00 -4.05811998999999979e+00 +1.54321814000000002e+00 +3.05191411999999993e-04  +5.09643784000000011e+00 +1.76371063999999994e-01 +1.26353708000000009e-01 +9.47325656999999932e-02 +2.38876319000000002e-03
 33  As  +3.08005642000000002e+00 +3.13459845999999986e+00 -4.03369997999999974e+00 +1.48578849000000002e+00 +2.56606026999999990e-04  +4.25637013999999958e+00 +1.47714052000000012e-01 +1.09507255999999997e-01 +8.28509139999999977e-02 +2.20049176000000016e-03
 34  Se  +3.10284730000000009e+00 +2.73117452000000016e+00 -3.96995499000000018e+00 +1.74474631999999996e+00 +2.36844157999999990e-04  +3.59856473000000010e+00 +1.30431982000000002e-01 +9.56239464000000067e-02 +7.63406875999999984e-02 +2.06188790999999993e-03
 35  Br  +3.09349725999999992e+00 +2.77404498000000022e+00 -3.88635498000000013e+00 +1.55165046000000006e+00 +2.12274231000000006e-04  +3.09961922000000012e+00 +1.13406181999999994e-01 +8.66383235000000029e-02 +6.85403663999999968e-02 +1.92486810999999993e-03
 36  Kr  +3.06265410999999999e+00 +2.51554167000000017e+00 -3.79406495000000010e+00 +1.66482754000000011e+00 +1.91618567999999988e-04  +2.71430514000000001e+00 +1.01048688999999997e-01 +7.70984254000000035e-02 +6.27572641999999958e-02 +1.80128959000000000e-03
 37  Rb  +2.94998312000000018e+00 +2.36865143999999983e+00 +5.33557292999999988e-01 +9.17671224999999993e-03 +1.31439937000000010e-04  +2.36452324000000011e+01 +2.70168820999999992e+00 +2.79331384000000016e-01 +1.67730456999999993e-02 +1.57492516999999999e-03
 38  Sr  +4.24123546000000040e+00 +1.76372203000000005e+00 +5.11449641000000010e-01 +7.99146620000000009e-03 +1.01404103999999998e-04  +1.46313701999999992e+01 +2.30565913000000000e+00 +2.59992590000000023e-01 +1.46688401000000003e-02 +1.42565285999999994e-03
 39   Y  +4.07963667000000019e+00 +1.77718448000000007e+00 +4.54365669000000028e-01 +6.74383466999999969e-03 +6.93476373999999941e-05  +1.21811889000000004e+01 +2.10256504999999994e+00 +2.31900531999999993e-01 +1.25152630000000004e-02 +1.25332782999999998e-03
 40  Zr  +3.78915540999999978e+00 +1.88107892999999993e+00 +4.06683055999999987e-01 +5.54879898000000017e-03 +3.38059730000000007e-05  +1.06291452000000000e+01 +2.00279572999999989e+00 +2.06861865000000006e-01 +1.03852441999999993e-02 +1.01181904000000001e-03
 41  Nb  +2.38279067999999983e+00 +2.60897756000000003e+00 +3.59155270000000026e-01 +4.56947008999999960e-03 +7.02836236000000017e-06  +1.11159485000000000e+01 +2.16150731000000018e+00 +1.82983933999999987e-01 +8.62027901000000062e-03 +6.45297028999999964e-04
 42  Mo  +2.09913783000000009e+00 +2.71108418999999978e+00 +3.28274954999999979e-01 +4.48165157999999998e-03 +2.13730025999999986e-05  +1.04829635000000003e+01 +2.03177087999999983e+00 +1.68946796000000010e-01 +8.65910249999999986e-03 +8.33762770000000004e-04
 43  Tc  +2.79881528999999984e+00 +2.31549541000000003e+00 +2.93652185000000010e-01 +4.02150604000000005e-03 +1.56138150000000005e-05  +8.90332583000000000e+00 +1.71108269999999996e+00 +1.53130411999999994e-01 +7.88153716000000032e-03 +7.40173142999999974e-04
 44  Ru  +1.65690194999999996e+00 +2.85263527999999988e+00 +2.63088231999999977e-01 +3.37041652999999983e-03 +4.12430879000000039e-06  +1.00674925999999996e+01 +1.75351695000000007e+00 +1.37543943000000002e-01 +6.74252010999999967e-03 +4.96639162999999999e-04
 45  Rh  +1.51279801999999997e+00 +2.86625875000000008e+00 +2.36023013000000004e-01 +3.07022035000000014e-03 +1.68126144000000015e-11  +9.86189156000000011e+00 +1.62048125000000010e+00 +1.25105170999999987e-01 +6.14914725999999960e-03 +9.89422682999999935e-06
 46  Pd  +3.60039093000000010e+00 +8.29666915000000005e-01 -1.32739830999999997e+00 +6.88881551000000036e-01 +5.89227990999999999e-05  +1.77776690000000004e+00 +4.95025936999999999e-02 +3.41130671999999996e-02 +2.81543713000000015e-02 +9.47258969000000007e-04
 47  Ag  +1.29121145000000004e+00 +2.84558582000000015e+00 +1.95863249999999989e-01 +2.93947825999999997e-03 +1.25866414000000000e-13  +9.84247906000000050e+00 +1.39279636999999989e+00 +1.07650787999999997e-01 +5.81113941999999994e-03 +1.86557662999999991e-06
 48  Cd  +1.92382954000000006e+00 +2.50468312000000015e+00 +1.84867344999999988e-01 +2.91999374000000015e-03 +6.60219444000000063e-11  +7.65878738999999964e+00 +1.23702894000000008e+00 +1.02346883999999999e-01 +5.69170003999999990e-03 +1.42979648000000004e-05
 49  In  +2.76765312999999979e+00 +2.26650494999999985e+00 +1.74960992000000010e-01 +2.88092706999999986e-03 +2.24517617999999999e-14  +8.12777056999999914e+00 +1.11255109999999990e+00 +9.75438809000000046e-02 +5.54450186000000032e-03 +9.99999999999999955e-07
 50  Sn  +3.25546194999999994e+00 +2.00685468999999994e+00 +1.63933261999999996e-01 +2.75010119000000013e-03 +1.58808465999999999e-10  +6.94916585999999992e+00 +9.95652310999999957e-01 +9.19038590999999988e-02 +5.29996883999999963e-03 +1.80018728999999991e-05
 51  Sb  +3.61659794000000012e+00 +1.71941267000000009e+00 +1.56247740999999996e-01 +2.74165141999999995e-03 +2.64384988000000010e-14  +5.73223617000000019e+00 +8.79964532999999993e-01 +8.82975510999999963e-02 +5.19224472000000010e-03 +1.00005673999999995e-06
 52  Te  +3.94850062999999984e+00 +1.40004009000000007e+00 +1.43911544000000002e-01 +2.54773823999999982e-03 +6.56193574000000009e-12  +4.67276308000000018e+00 +7.51392315000000033e-01 +8.23132414000000007e-02 +4.88450736999999999e-03 +5.99827812000000006e-06
 53   I  +4.13656950000000023e+00 +1.18513227999999993e+00 +1.33459577999999995e-01 +2.33864371999999978e-03 +3.20251078000000006e-14  +4.01363785000000028e+00 +6.60767985999999974e-01 +7.68441782000000018e-02 +4.55890381999999976e-03 +1.00155536999999996e-06
 54  Xe  +4.26621860000000019e+00 +1.00502968999999998e+00 +1.24619437999999999e-01 +2.13226598999999989e-03 +3.51183863000000029e-14  +3.50469760000000008e+00 +5.85140757000000011e-01 +7.19818779000000047e-02 +4.23457272000000041e-03 +9.99999999999999955e-07
 55  Cs  +5.19094043000000038e+00 +2.84174514999999994e+00 +1.63566377000000013e-01 +1.74803952999999989e-03 +1.09029195000000004e-10  +1.66434935999999993e+01 +1.19182918000000004e+00 +7.84849821999999975e-02 +3.60343007000000007e-03 +1.34147622000000000e-05
 56  Ba  +6.57017126000000040e+00 +2.36568499000000010e+00 +1.44286602000000014e-01 +1.85714981999999997e-03 +4.73302403999999979e-12  +1.38561093000000000e+01 +9.86095364999999946e-01 +7.25103051000000054e-02 +3.72885986000000020e-03 +4.74718953999999980e-06
 57  La  +6.55883708999999993e+00 +2.19719267000000018e+00 +1.35824898999999999e-01 +1.64533959000000003e-03 +9.06866120000000014e-12  +1.13815401999999999e+01 +9.15736121999999986e-01 +6.80234663000000017e-02 +3.39599373000000005e-03 +5.67986140000000019e-06
 58  Ce  +6.32392981000000010e+00 +2.22685358000000022e+00 +1.28745596999999989e-01 +1.47101131999999996e-03 +5.20531612999999985e-14  +1.11650583000000001e+01 +8.87587816000000029e-01 +6.42477513999999972e-02 +3.10713295999999993e-03 +9.99999999999999955e-07
 59  Pr  +5.99692179000000003e+00 +2.35756544000000012e+00 +1.15407474999999995e-01 +1.10529544000000004e-03 +1.86946220000000013e-11  +1.26669982999999995e+01 +8.58525285999999999e-01 +5.79609158999999999e-02 +2.52510540999999981e-03 +6.62689107999999986e-06
 60  Nd  +5.07224096000000024e+00 +1.97003912999999997e+00 +1.13264955000000000e+00 +6.88504107000000032e-02 +2.19952635999999990e-04  +1.41669868000000001e+01 +1.99059767000000010e+00 +4.84979042999999999e-01 +3.89811004999999974e-02 +7.46457100999999988e-04
 61  Pm  +4.95566964999999993e+00 +1.90417857999999995e+00 +1.16210765999999999e+00 +6.63298011000000021e-02 +2.14308804000000008e-04  +1.40004501999999995e+01 +1.92765029000000010e+00 +4.77278248000000016e-01 +3.75505536000000015e-02 +7.22193391000000053e-04
 62  Sm  +4.85134453000000043e+00 +1.83026890000000009e+00 +1.17180339000000000e+00 +6.38744375000000059e-02 +2.08747785999999989e-04  +1.36432049000000006e+01 +1.83286473000000005e+00 +4.65387718000000006e-01 +3.61921378000000030e-02 +6.99090837999999989e-04
 63  Eu  +4.73860279999999978e+00 +1.80352102000000003e+00 +1.15059561000000010e+00 +6.05777901000000008e-02 +2.02782697999999987e-04  +1.33464741999999994e+01 +1.73476279999999994e+00 +4.44912839999999976e-01 +3.45977140000000016e-02 +6.76916520000000045e-04
 64  Gd  +4.71623874999999959e+00 +1.65863183000000003e+00 +1.20522148000000007e+00 +5.77114152999999991e-02 +1.96519659999999999e-04  +1.11721289000000006e+01 +1.84494435999999995e+00 +4.36265879000000023e-01 +3.30998649999999991e-02 +6.55677006999999990e-04
 65  Tb  +4.50858866999999996e+00 +1.71336923000000008e+00 +1.17724160000000011e+00 +5.56090374999999998e-02 +1.91459487000000003e-04  +1.29240265999999995e+01 +1.65022768999999991e+00 +4.21162105999999981e-01 +3.19734424999999975e-02 +6.35680177999999952e-04
 66  Dy  +4.39694951999999972e+00 +1.65019746999999994e+00 +1.20863728000000004e+00 +5.25306661999999994e-02 +1.85068348000000003e-04  +1.26920342000000002e+01 +1.63629690000000005e+00 +4.11527472999999977e-01 +3.04304260000000000e-02 +6.16178059999999972e-04
 67  Ho  +4.24169485000000002e+00 +1.68076078999999989e+00 +1.19505598000000002e+00 +4.93096665000000017e-02 +1.78712503000000002e-04  +1.26191112000000007e+01 +1.63448064000000004e+00 +3.92343586999999994e-01 +2.89248374000000003e-02 +5.97541879000000001e-04
 68  Er  +4.08768379999999976e+00 +1.63697705000000004e+00 +1.23551553000000003e+00 +4.81472813999999985e-02 +1.76336857999999987e-04  +1.24926768999999993e+01 +1.65328746999999998e+00 +3.88200727000000023e-01 +2.82199215000000017e-02 +5.80441416999999968e-04
 69  Tm  +4.07429976999999965e+00 +1.54903556000000009e+00 +1.20786024000000003e+00 +4.66301506000000032e-02 +1.74268303999999997e-04  +1.18968296999999996e+01 +1.51812225999999995e+00 +3.73146222999999999e-01 +2.74784713999999992e-02 +5.64110906999999999e-04
 70  Yb  +3.99449178000000016e+00 +1.39650396999999993e+00 +1.23619418000000003e+00 +4.61376501999999980e-02 +1.72416401999999990e-04  +1.10489010000000007e+01 +1.41920965999999993e+00 +3.70806381000000018e-01 +2.70164412999999992e-02 +5.48513562999999957e-04
 71  Lu  +4.04253368000000002e+00 +1.26831669999999996e+00 +1.29077116000000003e+00 +4.47081511000000029e-02 +1.70308667000000001e-04  +9.27046046999999973e+00 +1.60132626999999994e+00 +3.63442451000000000e-01 +2.63252193999999988e-02 +5.33487528999999970e-04
 72  Hf  +3.98468268000000014e+00 +1.25852440999999993e+00 +1.23648596000000000e+00 +4.26398487999999978e-02 +1.67102801999999994e-04  +8.03007698000000048e+00 +1.58472714000000003e+00 +3.43458034000000023e-01 +2.53758047000000007e-02 +5.18834329000000013e-04
 73  Ta  +4.81790189999999985e+00 +1.51971743999999997e+00 +7.47307925000000040e-02 -4.35878264000000015e-02 +2.37692599000000006e-04  +5.42640027000000025e+00 +3.62494003999999981e-01 +1.26950167000000006e-02 +9.83530397000000056e-03 +5.24105725000000001e-04
 74   W  +4.77443720000000038e+00 +1.43590252999999990e+00 +6.96777952000000034e-02 -4.02531666000000010e-02 +2.35646948000000007e-04  +4.83090259999999994e+00 +3.41568285999999999e-01 +1.20622482999999999e-02 +9.26330172999999951e-03 +5.11024212000000025e-04
 75  Re  +4.76668652000000037e+00 +1.33842759000000000e+00 +4.36569657000000014e-02 -1.75326067999999995e-02 +2.61531947000000025e-04  +4.30667735000000018e+00 +3.16430407999999996e-01 +1.13942464000000004e-02 +6.99706055999999976e-03 +5.05147088000000035e-04
 76  Os  +4.67600031000000005e+00 +1.27334487000000007e+00 +5.40935558999999996e-02 -2.76796402999999989e-02 +2.40905088999999995e-04  +3.86555718000000015e+00 +3.02899305000000008e-01 +1.10843018999999994e-02 +7.88228625000000037e-03 +4.87908251999999974e-04
 77  Ir  +4.61762323000000041e+00 +1.17697644000000001e+00 +4.22191064999999990e-02 -1.80842725999999995e-02 +2.65503753000000022e-04  +3.41244281999999988e+00 +2.80861538999999993e-01 +1.04130714999999992e-02 +6.50969251999999974e-03 +4.81489370000000023e-04
 78  Pt  +4.29757559000000011e+00 +1.08237607999999996e+00 +3.99737848000000021e-02 -1.66938436000000009e-02 +2.68389965000000001e-04  +2.80636689000000006e+00 +2.63181274999999992e-01 +1.00751990000000000e-02 +6.14975534000000018e-03 +4.70625596000000018e-04
 79  Au  +4.31925307000000025e+00 +9.36140798000000052e-01 +7.58803091000000013e-02 -5.50376155999999991e-02 +2.63438531999999996e-04  +2.43080463999999985e+00 +2.32607376000000005e-01 +8.25708420999999963e-03 +6.87768479999999963e-03 +4.58771745000000021e-04
 80  Hg  +1.68576269999999995e+00 +3.04886882000000004e+00 +7.02976398999999974e-01 +2.32670032999999984e-02 +1.25079534000000007e-04  +5.69944385999999970e+00 +1.53805140000000007e+00 +1.93465002999999997e-01 +1.60802679000000004e-02 +4.16705885999999999e-04
 81  Tl  +2.82897837000000019e+00 +2.88192506999999987e+00 +6.29842268999999955e-01 +2.11360036000000015e-02 +1.18283285000000005e-04  +8.51383017999999936e+00 +1.33294874999999990e+00 +1.77246735999999988e-01 +1.49380072000000006e-02 +4.05404006000000027e-04
 82  Pb  +3.41034085999999981e+00 +2.48728872000000001e+00 +6.02493257000000004e-01 +1.97656740999999983e-02 +1.11488416000000005e-04  +6.73824703000000014e+00 +1.18522138999999993e+00 +1.69430605000000012e-01 +1.40490249000000001e-02 +3.94450164000000015e-04
 83  Bi  +3.88891929000000003e+00 +2.01098545000000017e+00 +5.91087608000000042e-01 +1.89016743999999987e-02 +1.05980026000000003e-04  +5.18482301999999962e+00 +1.04231673000000002e+00 +1.65142347999999994e-01 +1.33920900000000006e-02 +3.84113570999999995e-04
 84  Po  +3.89547043000000004e+00 +1.62270954000000001e+00 +5.94757360000000013e-01 +1.74659568000000015e-02 +9.67174402000000027e-05  +3.77140414999999996e+00 +9.81059585999999983e-01 +1.61289476999999987e-01 +1.24054445999999992e-02 +3.72945260000000006e-04
 85  At  +4.77269032999999965e+00 +1.38404809000000006e+00 +5.50464284999999998e-01 +1.62071119999999992e-02 +9.01889218000000034e-05  +4.06270673000000038e+00 +8.14919893000000006e-01 +1.52091967999999994e-01 +1.16070367999999997e-02 +3.62642164999999979e-04
 86  Rn  +5.12158828000000010e+00 +1.06531197000000000e+00 +5.33345175999999976e-01 +1.51712306999999998e-02 +8.33378996999999989e-05  +3.56476899000000014e+00 +6.94548912000000018e-01 +1.46829682999999989e-01 +1.08852572999999994e-02 +3.52396605000000014e-04
 87  Fr  +4.32630051000000027e+00 +3.92768598000000013e+00 +6.81708194000000045e-01 +1.57238802999999996e-02 +8.14354555999999963e-05  +1.59846423000000009e+01 +1.78501679000000002e+00 +1.63187471000000001e-01 +1.08893353000000005e-02 +3.44376777000000010e-04
 88  Ra  +6.20660602999999966e+00 +3.15857211000000015e+00 +5.76378806999999993e-01 +1.28760665999999996e-02 +6.69845337000000003e-05  +1.31220622000000002e+01 +1.35950704000000000e+00 +1.42527103999999988e-01 +9.31840253999999951e-03 +3.30700530000000012e-04
 89  Ac  +6.90479546999999982e+00 +2.79164097999999994e+00 +5.39448884000000017e-01 +1.15587564999999996e-02 +5.59098821000000005e-05  +1.09397730000000006e+01 +1.20516204999999998e+00 +1.34029306999999986e-01 +8.42499086000000029e-03 +3.17674300999999984e-04
 90  Th  +7.10860898999999957e+00 +2.46851822999999992e+00 +5.06864894999999982e-01 +1.04618582999999998e-02 +4.60320724999999973e-05  +8.93647228000000027e+00 +1.07493203000000004e+00 +1.26447042000000009e-01 +7.66806264999999980e-03 +3.04124335999999976e-04
 91  Pa  +6.26511899000000039e+00 +2.99788306999999987e+00 +4.87128791999999977e-01 +8.84405524999999984e-03 +2.50890803999999984e-05  +1.01398793000000005e+01 +1.17404313999999999e+00 +1.19307182999999997e-01 +6.47533905999999986e-03 +2.73513530000000019e-04
 92   U  +6.00297026999999961e+00 +3.06844561999999987e+00 +4.55578034999999992e-01 +7.50386891000000018e-03 +2.20172973999999991e-06  +9.82508641000000082e+00 +1.13551263000000002e+00 +1.11366624999999997e-01 +5.39853493999999969e-03 +1.62250254999999998e-04
 93  Np  +5.77624609999999983e+00 +3.13766994999999982e+00 +4.31120059000000000e-01 +6.96386096000000017e-03 +3.34263632000000010e-08  +9.62766610999999983e+00 +1.10543154000000010e+00 +1.05557523000000000e-01 +5.04608688999999989e-03 +4.94572478999999977e-05
 94  Pu  +5.11444108999999969e+00 +3.50529567000000020e+00 +4.16077401999999985e-01 +6.68584091999999998e-03 +1.19078840999999993e-09  +1.11096190000000004e+01 +1.14178965999999993e+00 +1.01594997000000006e-01 +4.86889900000000032e-03 +1.72500567000000003e-05
 95  Am  +4.92837942999999967e+00 +3.53216558000000003e+00 +3.93606349999999994e-01 +6.34863180999999978e-03 +7.28224081999999959e-10  +1.09487304999999999e+01 +1.09969723000000008e+00 +9.66255632000000003e-02 +4.67105613000000017e-03 +1.44613713000000006e-05
 96  Cm  +5.19400799000000024e+00 +3.23645524000000018e+00 +3.62672007999999990e-01 +5.86476756000000026e-03 +4.18608128000000020e-10  +9.04583915000000083e+00 +9.89596660999999989e-01 +9.03555283000000015e-02 +4.40300946000000016e-03 +1.18268903999999993e-05
 97  Bk  +5.06267495999999984e+00 +3.25199477999999997e+00 +3.42307097999999976e-01 +5.52316141999999958e-03 +2.32058777000000010e-13  +8.94216180999999999e+00 +9.51937206999999952e-01 +8.58189983000000045e-02 +4.19946440000000011e-03 +1.00332076999999995e-06
 98  Cf  +4.45903386999999984e+00 +3.54095714000000017e+00 +3.33569125999999994e-01 +5.43987008999999994e-03 +2.39950480000000017e-13  +1.03533282999999994e+01 +9.74062396999999969e-01 +8.34740360999999959e-02 +4.12117706999999989e-03 +9.99999999999999955e-07
 99  Es  +4.36044282000000027e+00 +3.51147366999999999e+00 +3.02729766000000011e-01 +4.55692952999999998e-03 -7.03186782999999974e-04  +1.00318314999999991e+01 +9.18749512999999962e-01 +7.56123063000000012e-02 +2.32492495999999998e-03 +9.46812739999999971e-04
100  Fm  +4.22335437999999996e+00 +3.49790949000000007e+00 +2.89066767999999974e-01 +1.08638531999999996e-01 -1.04969170000000001e-01  +9.82257244999999912e+00 +8.85199159999999985e-01 +7.26269960999999936e-02 +1.61607485999999993e-03 +1.59015509000000007e-03
101  Md  +4.10509310000000038e+00 +3.47890211999999988e+00 +2.73929042000000011e-01 +5.46507820999999949e-01 -5.42932080000000039e-01  +9.60436613000000072e+00 +8.50619753000000034e-01 +6.94717396999999931e-02 +1.56720768999999999e-03 +1.56236998000000007e-03
102  No  +3.97817442000000021e+00 +3.45584561999999984e+00 +2.60973271000000007e-01 +1.44831774999999996e-02 -1.09764939999999998e-02  +9.32284405999999954e+00 +8.19091801000000008e-01 +6.67444898999999953e-02 +1.63312668000000004e-03 +1.43309252000000005e-03
103  Lr  +4.47231951000000016e+00 +3.20412854000000014e+00 +2.38726550000000010e-01 +2.69711039999999992e-02 -2.36457070999999998e-02  +8.22177115000000036e+00 +7.45270650000000034e-01 +6.24211984000000025e-02 +1.51495213000000010e-03 +1.42355755999999992e-03
