# Z  symbol            a[0..4]                                  b[0..4]
  1   H  +6.47384848835291793e-03 -4.90192576780228984e-01 +5.73284160390876485e-01 -3.79403301483990485e-01 +5.54426474774079137e-01  +2.78519885379148890e+00 +2.77620428330644797e+00 +2.77538591050625083e+00 +2.76759302867258805e+00 +2.76511897642927496e+00
  2  He  +3.05745116099835501e+00 -6.20044779127325327e+01 +6.40055537084614485e+01 -5.00132578542780593e+00 +1.51798828700526411e-01  +1.08967248726078791e+00 +9.39838798143121101e-01 +9.25289034386265530e-01 +8.22947498708650582e-01 +5.77393110675402221e-01
  3  Li  +3.92622272886147883e+00 -4.54861962639998030e+00 +2.19335312878658506e+00 +6.99451265033965708e-02 +2.09864224851937604e-03  +8.14276013517280361e+00 +4.98941077007855771e+00 +4.14428999239410878e+00 +4.01922315065680213e-01 +1.56479034719823606e-01
  4  Be  +3.39824970557054096e+00 -1.90866886095696708e+00 +3.90702117539227373e-02 -1.11631010210714501e-02 +9.46204465357523145e-03  +4.44270178622409517e+00 +3.32451542526422994e+00 +1.89772880348214906e-01 +8.71918614644603546e-02 +8.27809060041340555e-02
  5   B  +1.47279248639329308e+00 -4.01933042199387081e-01 +3.05998956982689418e-01 +1.96144217173167996e-02 +9.77177106088202539e-04  +3.74974048281819083e+00 +5.88066536139673746e-01 +5.15639613103010985e-01 +1.21377570080603694e-01 +6.80982412160313910e-02
  6   C  +1.24466088621343303e+02 -2.20352857078963808e+02 +1.95235352280479106e+02 -9.81079361269799648e+01 +1.42023041213623202e-02  +2.42120849256005588e+00 +2.30537943752425800e+00 +2.04851932106564183e+00 +1.93352552917547404e+00 +7.68976818478339652e-02
  7   N  +5.81327150702556068e+01 -1.47542409087812700e+02 +1.30143065649639510e+02 -3.96195674084154277e+01 +1.05957763331480902e-02  +1.70044856413471090e+00 +1.55903852601740400e+00 +1.41576827473146905e+00 +1.27841818205455793e+00 +5.65587798474805475e-02
  8   O  +2.99474045242362408e+01 -7.76101266255278261e+01 +9.98817764623144200e+01 -5.12127005505673125e+01 +8.19618954446032014e-03  +1.30283987880010699e+00 +1.15794105258309510e+00 +1.00988549338025102e+00 +9.43327971433265966e-01 +4.33197611321825618e-02
  9   F  +9.48984894503524745e-01 -3.01333923043554890e+01 +5.27965078127338572e+01 -2.27062703795272398e+01 +6.56997664531441036e-03  +1.45882933198645892e+00 +6.88779993187680017e-01 +6.54239869346695646e-01 +6.14836130811994286e-01 +3.42837419495011231e-02
 10  Ne  +5.82741192220907367e-01 +3.70676561841054908e-01 -5.46744967350809241e-01 +4.14052682480208101e-01 +5.19903080863993138e-03  +1.28118573143877201e+00 +4.44520897170477602e-01 +1.98650875510480995e-01 +1.85477246656276490e-01 +2.75738382033885801e-02
 11  Na  +2.36700603946792612e+01 -2.18531786159742509e+01 +5.92499448108946392e-01 -2.44652290310243999e-02 +4.83950221706535774e-03  +8.45148773514603135e+00 +8.04096600474298207e+00 +6.24996000526314988e-01 +1.32450394947296407e-01 +2.33994362049878592e-02
 12  Mg  +4.85501047687149523e+00 -2.66220906476843711e+00 +4.78001236085108028e-01 -7.02307064692064831e-02 +3.98905828104019824e-03  +5.94639273842456539e+00 +4.17130312520697899e+00 +3.98269808150374327e-01 +1.61886185837474189e-01 +1.95345056363103488e-02
 13  Al  +2.83409561607507499e+00 -4.28004133378261020e+00 +4.42191680548311439e+00 -3.45774471896400579e-02 +3.52385941406079895e-03  +6.66235023980533203e+00 +5.51294722224021427e-01 +5.09328963445973781e-01 +1.11784837425331199e-01 +1.67602351805257385e-02
 14  Si  +2.87189142611612391e+00 -2.06173501195173481e+00 +2.17114024204478717e+00 -6.63073633058801903e-02 +3.01070709670513701e-03  +5.08487103642989613e+00 +4.29178185305126192e-01 +3.66485434192162174e-01 +1.19710611296903399e-01 +1.43994536128397507e-02
 15   P  +2.79151840023151410e+00 -4.36506837823822114e+00 +4.43558455516699013e+00 -8.09635773399473846e-02 +2.67900017966440397e-03  +3.90065961865466093e+00 +3.29825968377150003e-01 +3.06089956505888605e-01 +1.08083232545972796e-01 +1.25894495331186802e-02
 16   S  +2.67971415610199504e+00 -4.74252822230755211e-01 +5.14835948989687653e-01 -9.58360024990722453e-02 +2.48871963818935197e-03  +3.06889121199971093e+00 +3.78216702185808995e-01 +1.88721811902548803e-01 +9.23370590031494104e-02 +1.11920877241144107e-02
 17  Cl  +2.56624839980020303e+00 -3.38876350828591688e-01 +1.14584558755515009e+00 -9.23109316547079617e-01 +2.29168002041042198e-03  +2.41594920365612387e+00 +4.21414239310215988e-01 +1.09592404975830296e-01 +9.90955458226752961e-02 +9.99665948927521038e-03
 18  Ar  +2.45981746414068514e+00 -3.64198177076995089e-01 +2.50584477222474511e-01 -5.77437029544345809e-02 +2.30143866828583709e-03  +1.94004631988856602e+00 +3.99241067884398781e-01 +1.17472406274412203e-01 +5.67803726023621766e-02 +9.15579832920707971e-03
 19   K  +5.81107878601454786e+00 -5.02537096539422592e+01 +4.88609412059842469e+01 +7.40628592048382939e-02 +7.27802738626221867e-04  +1.26691483399036802e+01 +3.95641039698166486e+00 +3.68385059577154506e+00 +1.07458517569562803e-01 +6.65576789391501139e-03
 20  Ca  +2.11781161524159494e+01 -3.39043824317468875e+02 +3.22756958523296703e+02 +6.50077673896996694e-02 +6.55874366578593519e-04  +6.39608619431736170e+00 +3.74024713891749494e+00 +3.64888449922605318e+00 +9.45090634514673539e-02 +5.98520619883758601e-03
 21  Sc  +1.26035186572148596e+01 -2.76875382053702594e+02 +2.68871603907342774e+02 +5.56824178897458028e-02 +5.77071255145399564e-04  +6.15625615363852940e+00 +3.08873554266679307e+00 +3.02727663298548322e+00 +8.18874748375215677e-02 +5.38289832050797574e-03
 22  Ti  +8.57595775238129931e+00 -2.10331563465304896e+02 +2.06097172601541388e+02 +4.77773948977261928e-02 +5.05716484480320575e-04  +6.00780668875581814e+00 +2.60285856745213007e+00 +2.55352345051105578e+00 +7.11429484024153902e-02 +4.85628439383726119e-03
 23   V  +6.52768433234789036e+00 -2.00430576829172708e+02 +1.98015053889993993e+02 +4.13911518064005585e-02 +4.47455024329856520e-04  +5.83552479352448117e+00 +2.23255952381127587e+00 +2.19786018594228993e+00 +6.23973876828547297e-02 +4.40383649079958018e-03
 24  Cr  +3.02831784843691310e+00 -9.55393933081432323e+01 +9.61761562352198069e+01 +3.59777315957987703e-02 +3.91492890718422317e-04  +8.35911504314631770e+00 +1.80263790264103196e+00 +1.77509488957047190e+00 +5.48144412143113727e-02 +3.99828968916034807e-03
 25  Mn  +4.37417550633122687e+00 -1.60925510918779509e+02 +1.60273308060322307e+02 +3.12303861049162412e-02 +3.46966021020938013e-04  +5.51031705504928215e+00 +1.68798216402433909e+00 +1.66614047777702390e+00 +4.83370390321277016e-02 +3.64746960053068201e-03
 26  Fe  +3.79810090836859615e+00 -9.16893549381687194e+01 +9.14454252155429828e+01 +2.72754344027604685e-02 +3.03379854383770977e-04  +5.31712645899433056e+00 +1.49713094884748110e+00 +1.46809241804410506e+00 +4.27247850128954915e-02 +3.32791855231874111e-03
 27  Co  +3.33037874467544315e+00 -7.70017596472967085e+01 +7.70725221790516883e+01 +2.39904669040569909e-02 +2.68256665523941974e-04  +5.18135964579543185e+00 +1.32915122265139396e+00 +1.30284928963228896e+00 +3.80645486826371032e-02 +3.05010007991570820e-03
 28  Ni  +2.96908078725286417e+00 -7.57477069129040217e+01 +7.60398287625307319e+01 +2.10162113692967008e-02 +2.31151751135152988e-04  +5.04180949109380006e+00 +1.18275507921629308e+00 +1.16216545846629904e+00 +3.37479087883035267e-02 +2.78680862070740517e-03
 29  Cu  +1.75207145212145599e+00 -4.30410523492124497e+01 +4.40705915543573923e+01 +1.86876154088144696e-02 +2.01727324791624112e-04  +6.18750497986187131e+00 +1.00266263628976593e+00 +9.85384311353030284e-01 +3.02984703916117613e-02 +2.55855598748879094e-03
 30  Zn  +2.46637110499459089e+00 -6.14678541332537520e+01 +6.20176945237481334e+01 +1.64160173931416214e-02 +1.72487117595380892e-04  +4.91028078493815912e+00 +9.67898520322992173e-01 +9.51283834775355497e-01 +2.69600967667566298e-02 +2.34109611046253710e-03
 31  Ga  +2.76010203108428298e+00 -3.44452614207467889e+01 +3.52262267244016272e+01 +1.32067196999419902e-02 +1.25945560928245693e-04  +6.10128224537662689e+00 +7.65143313553464877e-01 +7.51328623382859662e-01 +2.24879634317251206e-02 +2.06737374278712300e-03
 32  Ge  +3.18241635260000022e+00 -5.24514037811166673e+01 +5.29690827162218483e+01 +1.14096168591864798e-02 +9.50954358145057911e-05  +5.01719040860914678e+00 +7.12395764437798173e-01 +7.02280192528193958e-01 +1.96747295694015417e-02 +1.84146614494011497e-03
 33  As  +3.45642969119603993e+00 -3.33176044431721223e+01 +3.35712193855332188e+01 +9.79002295640342066e-03 +6.53434862265172477e-05  +4.01358016032945208e+00 +6.62355778050629063e-01 +6.45771941056073828e-01 +1.70919353231011491e-02 +1.60301602839420091e-03
 34  Se  +3.64905047801926408e+00 -4.36851662221238612e+01 +4.36920288601154780e+01 +8.44902284199144406e-03 +3.78611474110038227e-05  +3.25043267112593393e+00 +6.09666201650288953e-01 +5.96971300802123239e-01 +1.48554512740362299e-02 +1.33625587356562994e-03
 35  Br  +3.83846312224289488e+00 -5.22723471011233869e+01 +5.19861279495659616e+01 +7.33955989338044758e-03 +1.64694207951339917e-05  +2.61189470573232319e+00 +5.66195062874718213e-01 +5.55279326699873899e-01 +1.29746469432440708e-02 +1.02986536855875690e-03
 36  Kr  +4.02541030310827441e+00 -4.63042332078929775e+01 +4.57213681904101179e+01 +6.35337959625315724e-03 +1.33477845255742994e-06  +2.13648381443739988e+00 +5.26591166454131177e-01 +5.14136784464577556e-01 +1.12807242242006795e-02 +4.88089857940970419e-04
 37  Rb  +3.38975351595393981e+00 +2.14348348679172407e+00 +3.54322603510978218e-01 +3.74009340085664204e-03 +3.00342502342229711e-07  +2.05744814368171092e+01 +1.91079945218516389e+00 +1.97410589396603914e-01 +8.13459465343988920e-03 +2.92685791056951112e-04
 38  Sr  +4.77092509299825984e+00 +1.47597850155283394e+00 +3.04451355544188673e-01 +3.59474981916728300e-03 +3.00085549228279015e-07  +1.33668881330412805e+01 +1.33738379577196698e+00 +1.77532369437782805e-01 +7.79105033001826781e-03 +2.82255139648537174e-04
 39   Y  +4.60721019875234017e+00 +1.42801851039840311e+00 +2.95581045577753776e-01 +3.38997840852895121e-03 +2.66862974969022404e-07  +1.08686905557151903e+01 +1.31137455873124109e+00 +1.68022870784711204e-01 +7.35964545350478293e-03 +2.62343281021387318e-04
 40  Zr  +4.31175453406871600e+00 +1.49331578039339496e+00 +2.81236050128884085e-01 +3.09337738455747096e-03 +2.58024448512530602e-07  +9.45896580517490193e+00 +1.33063622845245599e+00 +1.56506871444453605e-01 +6.82410523811735181e-03 +2.49818879110702324e-04
 41  Nb  +3.11179039113495381e+00 +2.20259060945803098e+00 +2.70330774910020888e-01 +2.68799194751098095e-03 +2.32549483347779213e-07  +1.06903141343023709e+01 +1.65316356158933098e+00 +1.45115185718969891e-01 +6.13956351582850470e-03 +2.32240235937672488e-04
 42  Mo  +2.83105968432053601e+00 +2.34858137489674501e+00 +2.45105888429696411e-01 +2.35282108218515902e-03 +2.31270838343859194e-07  +1.04357195758950692e+01 +1.60482868674597201e+00 +1.31696934774606894e-01 +5.54977901383345903e-03 +2.22747463764897687e-04
 43  Tc  +2.57179859323352611e+00 +2.45633741957203000e+00 +2.20658440881371487e-01 +2.05531418012438192e-03 +2.32132947793692210e-07  +1.01643117131377494e+01 +1.53441919244550506e+00 +1.19138619754110400e-01 +5.01853240882988837e-03 +2.14590379120861187e-04
 44  Ru  +2.33230030353946605e+00 +2.53578025489049619e+00 +1.98208042136025997e-01 +1.76120130460053490e-03 +1.98129411546024512e-07  +9.92167460159959447e+00 +1.45585668808788093e+00 +1.07682187873349294e-01 +4.47243545654967337e-03 +1.96574716232499394e-04
 45  Rh  +2.11352534859469987e+00 +2.58636316155013812e+00 +1.77063913863686501e-01 +1.49737051003056903e-03 +2.05481445555622391e-07  +9.65913725859762273e+00 +1.37106656934329596e+00 +9.70353027584648781e-02 +3.97128509088792107e-03 +1.91355190737798291e-04
 46  Pd  +6.42159796182687259e-01 +2.97914814426328922e+00 +1.68154426004270802e-01 +1.33744213878407808e-03 +1.91410968246861594e-07  +5.97479750263406117e+00 +1.43359432541277698e+00 +9.09868401172676949e-02 +3.62410137116162207e-03 +1.80688914416045002e-04
 47  Ag  +1.55317216680389603e+00 +2.63930364699988784e+00 +1.42015486956788201e-01 +1.00850460099760901e-03 +1.94638429973024406e-07  +8.15620235758956547e+00 +1.21600887481801490e+00 +7.90098864915873417e-02 +2.96547901363949018e-03 +1.74593095919146202e-04
 48  Cd  +6.15307851992860222e+01 -7.86016741201582079e+01 +2.15501292602770498e+01 +1.37685015664191612e-01 +3.24644930946521007e-04  +3.11468102533247304e+00 +2.76016983388574522e+00 +1.93551312324722402e+00 +7.22468347260293159e-02 +1.17001629624684505e-03
 49  In  +4.22232177901524608e+00 -2.64121318353202597e+01 +2.72852852708746916e+01 +1.21617901884137999e-01 +3.06883546371525804e-04  +6.07265510403227537e+00 +1.64550178959387905e+00 +1.52257074939506798e+00 +6.56507914695225597e-02 +1.12093851473035592e-03
 50  Sn  +5.14222074642053695e+00 -2.54945413762576685e+01 +2.57414487548601905e+01 +1.11778227592199603e-01 +2.93647384737742712e-04  +5.27272636474484457e+00 +1.53194959209148296e+00 +1.40257525040087194e+00 +6.11685387263086883e-02 +1.07560815394522292e-03
 51  Sb  +6.24164031831883737e+00 -9.33868724419552194e+01 +9.26332875829884301e+01 +1.03412692221298702e-01 +2.81848426894390676e-04  +4.26984108082687541e+00 +1.39407746140250199e+00 +1.35566854910434498e+00 +5.72667949652199831e-02 +1.03307954282067394e-03
 52  Te  +7.37743301813403018e+00 -1.26025106931628102e+02 +1.24128405004095598e+02 +9.59978371818569765e-02 +2.71072216398882018e-04  +3.46917757783897818e+00 +1.29759810886736604e+00 +1.26771067646066005e+00 +5.37771750179423108e-02 +9.93084577029176808e-04
 53   I  +9.64400666272123175e+00 -1.22924435350112503e+02 +1.18682564816567293e+02 +8.95025947025538948e-02 +2.61276121490475026e-04  +2.72645545366544084e+00 +1.23723425850865998e+00 +1.20062036872249811e+00 +5.06678682285199924e-02 +9.55437883383497273e-04
 54  Xe  +1.55451749674860604e+01 -1.18241027856744594e+02 +1.08009524963196995e+02 +8.36259341992221655e-02 +2.51991862429073923e-04  +2.10637340865492684e+00 +1.20860376129512193e+00 +1.15395270567213992e+00 +4.78189391274824321e-02 +9.19886257592613115e-04
 55  Cs  +4.28708739181692344e+00 +3.23250665422964989e+00 +6.74029533561706251e-01 +6.18908083387697608e-02 +2.35612052952190003e-04  +2.26587870798541502e+01 +2.23797386470064197e+00 +3.68995568664316320e-01 +4.02266575298484419e-02 +8.83761890878035131e-04
 56  Ba  +6.24475187390461528e+00 +2.35172271416388501e+00 +4.74279373222251999e-01 +6.38113874286849875e-02 +2.34651280562792400e-04  +1.51431354190985594e+01 +1.45379000604813990e+00 +3.20835646387801821e-01 +4.04354532094699792e-02 +8.54081131280032659e-04
 57  La  +6.09788179599509661e+00 +2.19495164736675008e+00 +5.48172791960022554e-01 +6.16669573222662568e-02 +2.26807355864714201e-04  +1.24288544315854796e+01 +1.50535992352023507e+00 +3.33738039717124291e-01 +3.87744553499998826e-02 +8.24049884064866978e-04
 58  Ce  +5.79526879647240456e+00 +2.37022664107843317e+00 +4.71398756901114879e-01 +5.74368260587866802e-02 +2.18979489259659295e-04  +1.42801055058256008e+01 +1.35969015719134489e+00 +3.02017349663514123e-01 +3.66436798147007706e-02 +7.95434526518371140e-04
 59  Pr  +5.60406255377525842e+00 +2.35796259561812915e+00 +4.76001098572882420e-01 +5.44123374315247099e-02 +2.11414602205149807e-04  +1.39517490230574701e+01 +1.31239754917439200e+00 +2.94933701192956477e-01 +3.48601542462324068e-02 +7.68261682661809686e-04
 60  Nd  +5.42908391969770321e+00 +2.33687325360880305e+00 +4.83373554104881920e-01 +5.14654964557478972e-02 +2.03776132863761112e-04  +1.36503649427660001e+01 +1.26759841390319905e+00 +2.88610681576929873e-01 +3.31291807446609313e-02 +7.42348483801266289e-04
 61  Pm  +5.26774445089444576e+00 +2.30855813326305004e+00 +4.93265479026012810e-01 +4.86356279741696623e-02 +1.96308842320675196e-04  +1.33602096827394607e+01 +1.22585856586941699e+00 +2.82919632127866916e-01 +3.14735397127137925e-02 +7.17658025069615253e-04
 62  Sm  +5.12680428517077580e+00 +2.26925534008380581e+00 +5.04209300453302478e-01 +4.56923992416222030e-02 +1.88675050493886191e-04  +1.31581501026129004e+01 +1.18129508243337100e+00 +2.77107038219062907e-01 +2.97957604549544605e-02 +6.94011099199098283e-04
 63  Eu  +4.97962359749809202e+00 +2.24183087455669483e+00 +5.12933961402893712e-01 +4.29801848498334374e-02 +1.81381692485787588e-04  +1.28392663078033795e+01 +1.14705446420485990e+00 +2.70387160935243676e-01 +2.82418714952601992e-02 +6.71486603173992416e-04
 64  Gd  +5.07835830045611392e+00 +1.95744027181658997e+00 +5.92825983221375141e-01 +4.19502034143925603e-02 +1.75241091528316798e-04  +1.05132725469047301e+01 +1.11764941281524610e+00 +2.84386741833675183e-01 +2.72663327641347111e-02 +6.50310860707303687e-04
 65  Tb  +4.71161636657300065e+00 +2.17261950786578906e+00 +5.39717601342865727e-01 +3.79796004547811109e-02 +1.66923763564841700e-04  +1.23109415948539098e+01 +1.08743796767492507e+00 +2.59804965509275509e-01 +2.53289923895189707e-02 +6.29278566961911164e-04
 66  Dy  +4.59075504485146624e+00 +2.13572373036567420e+00 +5.51355560094152541e-01 +3.56058406718513798e-02 +1.59824016856789788e-04  +1.20656740623369902e+01 +1.05811737115864402e+00 +2.53994438918661802e-01 +2.39508739649649215e-02 +6.09482748433288059e-04
 67  Ho  +4.48400110626710813e+00 +2.08904347078539798e+00 +5.65932618316104641e-01 +3.32703590211062966e-02 +1.52445610282892088e-04  +1.18749250691570598e+01 +1.02828493708789592e+00 +2.48907807908076012e-01 +2.25844065532147809e-02 +5.90374445159424469e-04
 68  Er  +4.37665140786963214e+00 +2.04645150383634089e+00 +5.80662860591587671e-01 +3.12388528327766715e-02 +1.45374869662535705e-04  +1.16653080717139499e+01 +1.00314769675495308e+00 +2.44153292686312390e-01 +2.13618580000730987e-02 +5.72110338454766623e-04
 69  Tm  +4.28308318247419528e+00 +1.99538001453730707e+00 +5.97053571332504252e-01 +2.90951668869559900e-02 +1.38064769037521596e-04  +1.14961905956683399e+01 +9.77039102018820604e-01 +2.39429132975829101e-01 +2.00912233327255815e-02 +5.54377138492266261e-04
 70  Yb  +4.19563840737123339e+00 +1.94333285978645609e+00 +6.12446617285465789e-01 +2.71515207694932384e-02 +1.30594787351929711e-04  +1.14107750456652308e+01 +9.49011924454877365e-01 +2.34950326535304704e-01 +1.89051576280975485e-02 +5.37233649209711080e-04
 71  Lu  +4.35692593296384256e+00 +1.69589204777315894e+00 +6.63904520068470450e-01 +2.63020018760281409e-02 +1.25497318499823813e-04  +9.29434514718568927e+00 +9.10500045957419957e-01 +2.38746595911376397e-01 +1.82098542546462287e-02 +5.21559371963562163e-04
 72  Hf  +4.33138405664923543e+00 +1.52764864728680694e+00 +7.35795922891237963e-01 +2.49526323201402604e-02 +1.18740852581057801e-04  +7.87684433810288365e+00 +9.42515642627748784e-01 +2.41699480039805986e-01 +1.72899894448509013e-02 +5.05834631313525581e-04
 73  Ta  +4.19726001319641995e+00 +1.46854806774708790e+00 +7.83931248211088172e-01 +2.32494094864395089e-02 +1.11261358607286001e-04  +6.93674024894457197e+00 +1.01725276618348293e+00 +2.38948939715070613e-01 +1.62332433075381005e-02 +4.90239004021149035e-04
 74   W  +3.97629715819077401e+00 +1.52292684257341793e+00 +7.97706246390561313e-01 +2.13666741558685216e-02 +1.03078689385717299e-04  +6.29685779228774933e+00 +1.11289951157691092e+00 +2.31057040678473408e-01 +1.51013545567204501e-02 +4.74682477105025822e-04
 75  Re  +3.75144381439811880e+00 +1.62768802977632698e+00 +7.81756755454271812e-01 +1.95170803912291593e-02 +9.43199804293427493e-05  +5.79754636082953834e+00 +1.18223631077710700e+00 +2.19913586024770208e-01 +1.39810455481456600e-02 +4.59127125829838611e-04
 76  Os  +3.48401517338711608e+00 +1.79377920416965497e+00 +7.44878356691920263e-01 +1.75427785162434492e-02 +8.44872351568859946e-05  +5.43998846080953680e+00 +1.22792134140128106e+00 +2.06208856992909195e-01 +1.27899401721146000e-02 +4.43032226787478604e-04
 77  Ir  +1.59956578198844190e+00 +2.97534452194120513e+00 +6.95092678366882155e-01 +1.48779627458688005e-02 +6.90549579101583329e-05  +5.79244447385567529e+00 +1.55300982973226009e+00 +1.88626335936648210e-01 +1.11763470662453301e-02 +4.22772361655551396e-04
 78  Pt  +2.04021563975728304e+00 +2.89922634624825504e+00 +6.36344083815797656e-01 +1.32071919595408305e-02 +5.67382192500131215e-05  +6.65819429609627544e+00 +1.41337923778932395e+00 +1.74000104502179009e-01 +1.00687804530210506e-02 +4.03077105692223098e-04
 79  Au  +1.67593467064870794e+00 +3.00486602969729288e+00 +5.95340013161635540e-01 +1.17163186623094797e-02 +4.29678297639817105e-05  +5.52231093211402513e+00 +1.38007223007196300e+00 +1.62229237655945407e-01 +9.01814890416575629e-03 +3.79277667477667126e-04
 80  Hg  +2.23522850443105314e+00 +2.68276638651994892e+00 +5.55194926212433271e-01 +1.07273354366258702e-02 +3.28473992046262911e-05  +5.02030988960240343e+00 +1.23077590583777696e+00 +1.52248122992863610e-01 +8.28399116906210382e-03 +3.56241938931758874e-04
 81  Tl  +2.80342737412509990e+00 +2.71882787966019990e+00 +5.22475915391999557e-01 +9.84537836971042038e-03 +2.34524526508316207e-05  +6.55876872804534194e+00 +1.16972422516667907e+00 +1.43556691800178104e-01 +7.61976526230039811e-03 +3.29627673902985424e-04
 82  Pb  +3.60861020997771398e+00 +2.45056774737198291e+00 +4.78639500107256977e-01 +8.87214235169215236e-03 +1.04001932909467304e-05  +6.58162594621962782e+00 +1.02772852660588510e+00 +1.33533680634720903e-01 +6.84861238948429769e-03 +2.76388875456666007e-04
 83  Bi  +4.24209901057315886e+00 +2.09994342055827898e+00 +4.32836631379922898e-01 +8.02021570381059208e-03 +7.21785030851340352e-07  +5.75280115536079961e+00 +8.73901489195461512e-01 +1.23599956180524703e-01 +6.17600333058570226e-03 +1.41495177617230900e-04
 84  Po  +4.63620095668962318e+00 +1.78063311426987103e+00 +4.03730443952738494e-01 +7.68539554668674040e-03 +8.95415902807643603e-08  +4.88825299780982903e+00 +7.56310526880074718e-01 +1.17302364452249203e-01 +5.93034394242894242e-03 +7.66668663873028706e-05
 85  At  +4.96592250595070528e+00 +1.43815561507033696e+00 +3.71299200579298105e-01 +7.47256428450201061e-03 +1.14115284152585095e-07  +4.09129378787496290e+00 +6.29228996602551272e-01 +1.11096678695535203e-01 +5.77235010347761784e-03 +8.08511893879382498e-05
 86  Rn  +5.30615614475033226e+00 +1.11733160236072093e+00 +3.15858723110854278e-01 +7.20342242310210035e-03 +1.07355330545863504e-07  +3.48800735481655710e+00 +4.81190741149771173e-01 +1.01874467945753097e-01 +5.59245374417078733e-03 +7.79506673540736653e-05
 87  Fr  +4.52053399042335968e+00 +4.10695397909124615e+00 +7.13946878503728510e-01 +1.69294027687453899e-02 +8.57492129191724412e-05  +1.94482234232948805e+01 +1.89824673155996893e+00 +1.69553563595341794e-01 +1.14819567548934201e-02 +3.46122038257982696e-04
 88  Ra  +6.52401072001873317e+00 +3.20787080745661290e+00 +5.40478774349637647e-01 +8.78278806898853161e-03 +6.91010602949131540e-06  +1.40092554298974896e+01 +1.32635035961665304e+00 +1.31408568386036095e-01 +6.28647434520409557e-03 +2.27839981458951001e-04
 89  Ac  +6.89602853559619078e+00 +2.83514154536523222e+00 +5.03506881888815094e-01 +8.02294510966706891e-03 +9.20400954758739718e-08  +1.10763825670398699e+01 +1.17132616290503000e+00 +1.23494651391799895e-01 +5.73515595790497108e-03 +7.19707541802523242e-05
 90  Th  +7.09374900162630162e+00 +2.52912373903193988e+00 +4.82107819888889011e-01 +7.71936674145110979e-03 +7.27114199425041413e-08  +9.09473795165944665e+00 +1.06391667033161208e+00 +1.18619446621877900e-01 +5.53945708895034732e-03 +6.58494730528462702e-05
 91  Pa  +6.43401324797284158e+00 +2.97099970535788804e+00 +4.60796651787848011e-01 +7.24033125775455297e-03 +6.36236664309127857e-08  +1.02596851307297907e+01 +1.13177452306163295e+00 +1.12775935362382299e-01 +5.27459583353132120e-03 +6.19263824088759713e-05
 92   U  +6.21070826784019925e+00 +3.03934453825623496e+00 +4.37339984439162777e-01 +6.80714764147316576e-03 +6.18229327742851275e-08  +1.00214105859162803e+01 +1.10399880155883401e+00 +1.07218973162453907e-01 +5.02432130850682425e-03 +6.00506994197195788e-05
 93  Np  +6.00431598308986469e+00 +3.09431654531418010e+00 +4.12808487716416983e-01 +6.40891657880066860e-03 +6.73007376216075431e-08  +9.81793046719106144e+00 +1.06978705068029400e+00 +1.01635291448645804e-01 +4.79524846888725043e-03 +6.02806598726462900e-05
 94  Pu  +5.20061716810304198e+00 +3.49849440367143982e+00 +4.05414931131320322e-01 +6.22343700826529910e-03 +6.00859329543440850e-08  +1.12038310194406705e+01 +1.12846369546928194e+00 +9.89333472686131643e-02 +4.65917431977950700e-03 +5.72590638962334125e-05
 95  Am  +5.02533860036029090e+00 +3.51843988285154108e+00 +3.81950349446272208e-01 +5.82110208096211015e-03 +6.52609338829711917e-08  +1.09772190697628709e+01 +1.08477214832630797e+00 +9.36746874853835870e-02 +4.42682346873485635e-03 +5.73856837050511521e-05
 96  Cm  +5.34656100260619738e+00 +3.22468466560910816e+00 +3.49461752625445210e-01 +5.29251756748815114e-03 +6.15917630236237361e-08  +9.23118379752449414e+00 +9.72836229193835167e-01 +8.70596220966562279e-02 +4.13011964465032338e-03 +5.49463894449675724e-05
 97  Bk  +5.22582350334004708e+00 +3.22818873995295297e+00 +3.27098878823851413e-01 +4.88882575592239008e-03 +5.21272269419363319e-08  +9.07135706618718274e+00 +9.31124277456634841e-01 +8.20720602059845511e-02 +3.89029655993416599e-03 +5.10367976636641623e-05
 98  Cf  +4.58641247753547887e+00 +3.51869595665101187e+00 +3.19261714201205415e-01 +4.72979647985625768e-03 +5.51324480806204081e-08  +1.03186102092335208e+01 +9.57278837829232843e-01 +7.96807431443880693e-02 +3.77193199996848916e-03 +5.09750860376011081e-05
 99  Es  +4.45799480675412596e+00 +3.50867212637662318e+00 +3.01375380528315417e-01 +4.40763746214481878e-03 +4.88787903228591575e-08  +1.00890693383401295e+01 +9.19446447361622621e-01 +7.56419177786329250e-02 +3.57026465124809286e-03 +4.80495174395811323e-05
100  Fm  +4.33897576401170859e+00 +3.49185098896403412e+00 +2.81471099016286808e-01 +4.00209271499046143e-03 +5.52929808195513978e-08  +9.96330937223836166e+00 +8.78083956982974367e-01 +7.11637115768777584e-02 +3.32152404215077697e-03 +4.85103179460372771e-05
101  Md  +4.22729470403101182e+00 +3.47249227510661607e+00 +2.64822229496898598e-01 +3.69072877833192918e-03 +6.25871426200247314e-08  +9.72400602040031359e+00 +8.42873775960210403e-01 +6.73534743974851108e-02 +3.12364606263320797e-03 +4.91217097017619168e-05
102  No  +4.10951702443020395e+00 +3.45799132522750696e+00 +2.47087351222386703e-01 +3.30423920940995210e-03 +5.99104926231931584e-08  +9.67735994510120179e+00 +8.06940042470817187e-01 +6.32815436954167060e-02 +2.87544639641209221e-03 +4.70679153697598103e-05
103  Lr  +4.52147421198378829e+00 +3.20212985587804422e+00 +2.23028726956451706e-01 +2.81716453892029688e-03 +4.06427954038620530e-08  +8.28309906861142053e+00 +7.31918958125393870e-01 +5.80942773018654976e-02 +2.56168016047444904e-03 +4.03816515529006472e-05
